start=285.451833
volume=66.000000
