start=705.413042
volume=76.000000
