start=958.582625
volume=70.000000
