start=465.298167
volume=82.000000
