start=734.692292
volume=86.000000
fullscreen=yes
