start=245.745078
volume=70.000000
fullscreen=yes
