start=3442.375000
volume=80.000000
fullscreen=yes
