start=1174.506667
volume=76.000000
