start=5272.594000
volume=2.000000
fullscreen=yes
