start=1172.004167
volume=100.000000
fullscreen=yes
