start=1168.167000
volume=88.000000
