start=1564.480000
volume=98.000000
fullscreen=yes
