start=868.890244
speed=1.210000
pause=yes
volume=80.000000
fullscreen=yes
