start=81.623000
volume=115.000000
fullscreen=yes
