start=296.713083
volume=64.000000
