start=939.897292
volume=74.000000
