start=1116.448667
volume=100.000000
fullscreen=yes
