start=1207.623083
volume=100.000000
fullscreen=yes
