start=524.357000
volume=80.000000
fullscreen=yes
