start=3362.005000
volume=100.000000
fullscreen=yes
