start=216.007000
volume=82.000000
fullscreen=yes
